+ 10

103

148


+ 16

B

FF


+ 2

1111

11010


* 10

12333

123


* 16

4

FF


* 2

1101

10001


* 16

4

FF


/ 10

21

17


/ 10

13

030


/ 16

149

1E


% 10

13

6


% 10

17

21


/ 16

43

12


/ 2

110001

110


* 12

4

4


* 12

F

5


^ 10

2

3


^ 10

3

2


^ 10

10

5


^ 10

5

10


^ 10

1234

1234


2 16

100001


16 2

FF


2 8

1000


10 10

2137


8 16

47


16 8

27


8 16

476523465125


10 8

478923469125


+ 2

1111110110001110010111000111101110011011001001

1101000101110101100110100100111111011001001101


* 2

1100101101000100111101010100101

10001011111101011110101011011001


* 10

975442167213421671216421712642865485617897264535927234594126597826854123278129815212654862924267116984278131812415665759742685232145673274514988727423156859387615648923715948236784598723682349127652345972568723162

15544915678312568461564867894561238921485764159176189471614976185142681728971997826349263974854139751364124987351678867241952372416597283541975743241689457985324165975824656148972821657985346251985272341614978547312


/ 10

15163166238403108566468515045497952892727077163036850117475569583626715687192442150950766736260451653952841604133847655567490279909205553011597230730470156875703064141538328704764140712585910682851889358806288842371708024197089271325594147879157159395270536753821492954507753809692581009375197981130027389964127673179086536210762384081418393279409163571288325372817732984948311263642741914583014749927523490383809413253447240544

975442167213421671216421712642865485617897264535927234594126597826854123278129815212654862924267116984278131812415665759742685232145673274514988727423156859387615648923715948236784598723682349127652345972568723162


/ 16

ABC

000


% 2

1010011101

0


10 16

478923469125


10 8

478923469125


10 2

478923469125


* 16

F

F


* 16

fac

fac


^ 13

1

6498b86ca0a720bc


- 10

251

103


- 16

10A

B


- 10

4

5


- 10

9

10

